MEME version 4

ALPHABET= ACGT

strands: + -

A 0.29182 C 0.20818 G 0.20818 T 0.29182 

MOTIF AHR_si AHR 

letter-probability matrix: alength= 4 w= 9 nsites= 154 E= 0
  0.266234	  0.116883	  0.363636	  0.253247	
  0.071429	  0.077922	  0.227273	  0.623377	
  0.142857	  0.285714	  0.136364	  0.435065	
  0.019481	  0.006494	  0.948052	  0.025974	
  0.006494	  0.974026	  0.006494	  0.012987	
  0.019481	  0.006494	  0.967532	  0.006494	
  0.000000	  0.019481	  0.006494	  0.974026	
  0.000000	  0.000000	  1.000000	  0.000000	
  0.279221	  0.435065	  0.103896	  0.181818	

MOTIF AIRE_f2 AIRE 

letter-probability matrix: alength= 4 w= 18 nsites= 41 E= 0
  0.390244	  0.268293	  0.121951	  0.219512	
  0.195122	  0.195122	  0.146341	  0.463415	
  0.146341	  0.146341	  0.195122	  0.512195	
  0.048780	  0.000000	  0.878049	  0.073171	
  0.000000	  0.000000	  0.804878	  0.195122	
  0.317073	  0.048780	  0.024390	  0.609756	
  0.390244	  0.097561	  0.024390	  0.487805	
  0.365854	  0.146341	  0.146341	  0.341463	
  0.341463	  0.073171	  0.146341	  0.439024	
  0.512195	  0.097561	  0.146341	  0.243902	
  0.390244	  0.048780	  0.073171	  0.487805	
  0.219512	  0.146341	  0.073171	  0.560976	
  0.000000	  0.024390	  0.878049	  0.097561	
  0.000000	  0.000000	  0.975610	  0.024390	
  0.219512	  0.097561	  0.243902	  0.439024	
  0.073171	  0.195122	  0.195122	  0.536585	
  0.439024	  0.024390	  0.170732	  0.365854	
  0.414634	  0.268293	  0.097561	  0.219512	

MOTIF ALX1_si ALX1 

letter-probability matrix: alength= 4 w= 12 nsites= 31 E= 0
  0.451613	  0.193548	  0.258065	  0.096774	
  0.064516	  0.096774	  0.000000	  0.838710	
  0.774194	  0.032258	  0.096774	  0.096774	
  0.870968	  0.064516	  0.000000	  0.064516	
  0.000000	  0.096774	  0.000000	  0.903226	
  0.032258	  0.225806	  0.129032	  0.612903	
  0.483871	  0.000000	  0.516129	  0.000000	
  0.354839	  0.258065	  0.354839	  0.032258	
  0.774194	  0.000000	  0.129032	  0.096774	
  0.096774	  0.000000	  0.032258	  0.870968	
  0.064516	  0.032258	  0.032258	  0.870968	
  0.806452	  0.064516	  0.064516	  0.064516	

MOTIF ANDR_do ANDR 

letter-probability matrix: alength= 4 w= 16 nsites= 130 E= 0
  0.307692	  0.038462	  0.561538	  0.092308	
  0.053846	  0.030769	  0.907692	  0.007692	
  0.423077	  0.000000	  0.230769	  0.346154	
  0.761538	  0.007692	  0.092308	  0.138462	
  0.015385	  0.946154	  0.030769	  0.007692	
  0.723077	  0.038462	  0.107692	  0.130769	
  0.092308	  0.269231	  0.384615	  0.253846	
  0.323077	  0.192308	  0.323077	  0.161538	
  0.392308	  0.100000	  0.307692	  0.200000	
  0.169231	  0.253846	  0.053846	  0.523077	
  0.015385	  0.046154	  0.923077	  0.015385	
  0.100000	  0.023077	  0.092308	  0.784615	
  0.246154	  0.015385	  0.292308	  0.446154	
  0.130769	  0.800000	  0.023077	  0.046154	
  0.084615	  0.269231	  0.061538	  0.584615	
  0.246154	  0.123077	  0.192308	  0.438462	

MOTIF AP2A_f2 AP2A 

letter-probability matrix: alength= 4 w= 9 nsites= 1930 E= 0
  0.016062	  0.395855	  0.561140	  0.026943	
  0.006736	  0.927461	  0.050259	  0.015544	
  0.013472	  0.906218	  0.041969	  0.038342	
  0.034197	  0.217098	  0.087565	  0.661140	
  0.000518	  0.000000	  0.902591	  0.096891	
  0.425389	  0.153886	  0.384456	  0.036269	
  0.075130	  0.015544	  0.904663	  0.004663	
  0.019689	  0.015026	  0.963212	  0.002073	
  0.065285	  0.536788	  0.361658	  0.036269	

MOTIF AP2B_f1 AP2B 

letter-probability matrix: alength= 4 w= 10 nsites= 28 E= 0
  0.035714	  0.000000	  0.785714	  0.178571	
  0.000000	  0.642857	  0.250000	  0.107143	
  0.000000	  0.964286	  0.000000	  0.035714	
  0.107143	  0.571429	  0.000000	  0.321429	
  0.071429	  0.035714	  0.892857	  0.000000	
  0.321429	  0.321429	  0.357143	  0.000000	
  0.071429	  0.035714	  0.857143	  0.035714	
  0.000000	  0.000000	  1.000000	  0.000000	
  0.178571	  0.107143	  0.678571	  0.035714	
  0.214286	  0.428571	  0.250000	  0.107143	

MOTIF AP2C_f1 AP2C 

letter-probability matrix: alength= 4 w= 9 nsites= 1599 E= 0
  0.001876	  0.382114	  0.601001	  0.015009	
  0.000625	  0.983114	  0.000625	  0.015635	
  0.015635	  0.979987	  0.000625	  0.003752	
  0.010006	  0.238274	  0.022514	  0.729206	
  0.008130	  0.000000	  0.885553	  0.106316	
  0.363352	  0.206379	  0.393371	  0.036898	
  0.196998	  0.000625	  0.801751	  0.000625	
  0.020013	  0.000625	  0.978111	  0.001251	
  0.047530	  0.558474	  0.357098	  0.036898	

MOTIF AP2D_f1 AP2D 

letter-probability matrix: alength= 4 w= 14 nsites= 5 E= 0
  0.200000	  0.400000	  0.200000	  0.200000	
  0.000000	  0.000000	  1.000000	  0.000000	
  0.000000	  0.600000	  0.200000	  0.200000	
  0.000000	  1.000000	  0.000000	  0.000000	
  0.000000	  0.600000	  0.000000	  0.400000	
  0.000000	  0.000000	  1.000000	  0.000000	
  0.400000	  0.200000	  0.400000	  0.000000	
  0.000000	  0.000000	  1.000000	  0.000000	
  0.000000	  0.000000	  1.000000	  0.000000	
  0.000000	  0.800000	  0.200000	  0.000000	
  0.200000	  0.200000	  0.400000	  0.200000	
  0.000000	  0.800000	  0.200000	  0.000000	
  0.000000	  0.200000	  0.800000	  0.000000	
  0.200000	  0.200000	  0.000000	  0.600000	

MOTIF ARI3A_do ARI3A 

letter-probability matrix: alength= 4 w= 22 nsites= 44 E= 0
  0.386364	  0.113636	  0.318182	  0.181818	
  0.681818	  0.090909	  0.000000	  0.227273	
  0.113636	  0.000000	  0.000000	  0.886364	
  0.159091	  0.000000	  0.000000	  0.840909	
  0.954545	  0.045455	  0.000000	  0.000000	
  0.931818	  0.068182	  0.000000	  0.000000	
  0.477273	  0.000000	  0.022727	  0.500000	
  0.000000	  0.409091	  0.227273	  0.363636	
  0.295455	  0.181818	  0.431818	  0.090909	
  0.500000	  0.045455	  0.363636	  0.090909	
  0.454545	  0.045455	  0.159091	  0.340909	
  0.727273	  0.000000	  0.090909	  0.181818	
  0.136364	  0.045455	  0.090909	  0.727273	
  0.159091	  0.568182	  0.045455	  0.227273	
  0.727273	  0.000000	  0.000000	  0.272727	
  0.750000	  0.045455	  0.000000	  0.204545	
  0.954545	  0.000000	  0.000000	  0.045455	
  0.409091	  0.000000	  0.045455	  0.545455	
  0.113636	  0.136364	  0.090909	  0.659091	
  0.522727	  0.136364	  0.022727	  0.318182	
  0.613636	  0.068182	  0.000000	  0.318182	
  0.659091	  0.022727	  0.068182	  0.250000	

MOTIF ARI3A_f1 ARI3A 

letter-probability matrix: alength= 4 w= 7 nsites= 47 E= 0
  0.574468	  0.063830	  0.255319	  0.106383	
  1.000000	  0.000000	  0.000000	  0.000000	
  0.000000	  0.000000	  0.000000	  1.000000	
  0.000000	  0.000000	  0.000000	  1.000000	
  1.000000	  0.000000	  0.000000	  0.000000	
  1.000000	  0.000000	  0.000000	  0.000000	
  0.829787	  0.000000	  0.000000	  0.170213	

MOTIF ARI5B_f1 ARI5B 

letter-probability matrix: alength= 4 w= 13 nsites= 15 E= 0
  0.200000	  0.133333	  0.333333	  0.333333	
  0.133333	  0.266667	  0.400000	  0.200000	
  0.000000	  0.266667	  0.200000	  0.533333	
  0.000000	  0.133333	  0.333333	  0.533333	
  0.333333	  0.066667	  0.333333	  0.266667	
  0.200000	  0.066667	  0.666667	  0.066667	
  0.000000	  0.000000	  0.000000	  1.000000	
  0.866667	  0.000000	  0.133333	  0.000000	
  0.000000	  0.133333	  0.000000	  0.866667	
  0.000000	  0.066667	  0.066667	  0.866667	
  0.133333	  0.266667	  0.533333	  0.066667	
  0.133333	  0.066667	  0.266667	  0.533333	
  0.266667	  0.133333	  0.400000	  0.200000	

MOTIF ARNT2_si ARNT2 

letter-probability matrix: alength= 4 w= 12 nsites= 18 E= 0
  0.166667	  0.111111	  0.611111	  0.111111	
  0.166667	  0.277778	  0.333333	  0.222222	
  0.000000	  0.666667	  0.222222	  0.111111	
  0.000000	  0.055556	  0.944444	  0.000000	
  0.000000	  0.000000	  0.055556	  0.944444	
  0.000000	  0.055556	  0.944444	  0.000000	
  0.055556	  0.000000	  0.888889	  0.055556	
  0.166667	  0.333333	  0.388889	  0.111111	
  0.555556	  0.000000	  0.277778	  0.166667	
  0.000000	  0.333333	  0.555556	  0.111111	
  0.388889	  0.000000	  0.500000	  0.111111	
  0.111111	  0.611111	  0.166667	  0.111111	

MOTIF ARNT_f1 ARNT 

letter-probability matrix: alength= 4 w= 8 nsites= 268 E= 0
  0.104478	  0.246269	  0.235075	  0.414179	
  0.048507	  0.518657	  0.059701	  0.373134	
  0.544776	  0.000000	  0.455224	  0.000000	
  0.000000	  1.000000	  0.000000	  0.000000	
  0.000000	  0.000000	  1.000000	  0.000000	
  0.000000	  0.000000	  0.000000	  1.000000	
  0.000000	  0.000000	  1.000000	  0.000000	
  0.186567	  0.552239	  0.055970	  0.205224	

MOTIF ATF1_si ATF1 

letter-probability matrix: alength= 4 w= 10 nsites= 34 E= 0
  0.294118	  0.323529	  0.323529	  0.058824	
  0.000000	  0.000000	  0.000000	  1.000000	
  0.000000	  0.000000	  1.000000	  0.000000	
  1.000000	  0.000000	  0.000000	  0.000000	
  0.000000	  0.970588	  0.029412	  0.000000	
  0.029412	  0.000000	  0.970588	  0.000000	
  0.029412	  0.058824	  0.000000	  0.911765	
  0.088235	  0.558824	  0.264706	  0.088235	
  0.735294	  0.147059	  0.058824	  0.058824	
  0.205882	  0.382353	  0.294118	  0.117647	

MOTIF ATF2+ATF4_f1 ATF2+ATF4 

letter-probability matrix: alength= 4 w= 9 nsites= 90 E= 0
  0.288889	  0.244444	  0.366667	  0.100000	
  0.000000	  0.000000	  0.000000	  1.000000	
  0.011111	  0.022222	  0.944444	  0.022222	
  1.000000	  0.000000	  0.000000	  0.000000	
  0.011111	  0.766667	  0.077778	  0.144444	
  0.000000	  0.033333	  0.922222	  0.044444	
  0.055556	  0.088889	  0.033333	  0.822222	
  0.311111	  0.522222	  0.077778	  0.088889	
  0.788889	  0.088889	  0.066667	  0.055556	

MOTIF ATF3_f1 ATF3 

letter-probability matrix: alength= 4 w= 9 nsites= 2036 E= 0
  0.222495	  0.211690	  0.432711	  0.133104	
  0.007367	  0.004420	  0.005894	  0.982318	
  0.001473	  0.008841	  0.987721	  0.001965	
  0.968566	  0.007367	  0.004420	  0.019646	
  0.006385	  0.647839	  0.067780	  0.277996	
  0.026523	  0.063360	  0.550589	  0.359528	
  0.053536	  0.502947	  0.012770	  0.430747	
  0.333988	  0.438114	  0.127210	  0.100688	
  0.559921	  0.125737	  0.158644	  0.155697	

MOTIF ATF5_si ATF5 

letter-probability matrix: alength= 4 w= 12 nsites= 33 E= 0
  0.242424	  0.060606	  0.090909	  0.606061	
  0.878788	  0.030303	  0.030303	  0.060606	
  0.909091	  0.000000	  0.000000	  0.090909	
  0.000000	  0.000000	  0.939394	  0.060606	
  0.030303	  0.000000	  0.969697	  0.000000	
  0.484848	  0.030303	  0.393939	  0.090909	
  0.848485	  0.030303	  0.030303	  0.090909	
  0.030303	  0.030303	  0.939394	  0.000000	
  1.000000	  0.000000	  0.000000	  0.000000	
  0.424242	  0.121212	  0.424242	  0.030303	
  0.212121	  0.030303	  0.606061	  0.151515	
  0.151515	  0.151515	  0.424242	  0.272727	

MOTIF ATF6A_si ATF6A 

letter-probability matrix: alength= 4 w= 12 nsites= 20 E= 0
  0.200000	  0.200000	  0.550000	  0.050000	
  0.050000	  0.200000	  0.300000	  0.450000	
  0.000000	  0.250000	  0.600000	  0.150000	
  0.100000	  0.400000	  0.450000	  0.050000	
  0.000000	  0.050000	  0.000000	  0.950000	
  0.000000	  0.050000	  0.950000	  0.000000	
  0.900000	  0.050000	  0.000000	  0.050000	
  0.000000	  1.000000	  0.000000	  0.000000	
  0.000000	  0.000000	  1.000000	  0.000000	
  0.000000	  0.000000	  0.000000	  1.000000	
  0.000000	  0.100000	  0.900000	  0.000000	
  0.100000	  0.000000	  0.900000	  0.000000	

MOTIF BACH1_si BACH1 

letter-probability matrix: alength= 4 w= 14 nsites= 8 E= 0
  0.125000	  0.250000	  0.000000	  0.625000	
  0.125000	  0.000000	  0.875000	  0.000000	
  0.000000	  1.000000	  0.000000	  0.000000	
  0.000000	  0.125000	  0.000000	  0.875000	
  0.000000	  0.000000	  1.000000	  0.000000	
  0.875000	  0.000000	  0.000000	  0.125000	
  0.000000	  0.250000	  0.750000	  0.000000	
  0.000000	  0.000000	  0.000000	  1.000000	
  0.000000	  1.000000	  0.000000	  0.000000	
  1.000000	  0.000000	  0.000000	  0.000000	
  0.125000	  0.375000	  0.000000	  0.500000	
  0.125000	  0.000000	  0.750000	  0.125000	
  0.000000	  0.250000	  0.625000	  0.125000	
  0.000000	  0.000000	  0.000000	  1.000000	

MOTIF BARX2_si BARX2 

letter-probability matrix: alength= 4 w= 10 nsites= 14 E= 0
  0.142857	  0.142857	  0.071429	  0.642857	
  0.000000	  0.428571	  0.142857	  0.428571	
  0.428571	  0.142857	  0.285714	  0.142857	
  0.285714	  0.142857	  0.000000	  0.571429	
  0.000000	  0.000000	  0.000000	  1.000000	
  0.928571	  0.000000	  0.071429	  0.000000	
  1.000000	  0.000000	  0.000000	  0.000000	
  0.000000	  0.000000	  0.000000	  1.000000	
  0.000000	  0.071429	  0.428571	  0.500000	
  0.357143	  0.000000	  0.500000	  0.142857	

MOTIF BATF_si BATF 

letter-probability matrix: alength= 4 w= 10 nsites= 1878 E= 0
  0.411608	  0.304047	  0.143237	  0.141108	
  0.048988	  0.000532	  0.010117	  0.940362	
  0.000000	  0.034611	  0.872737	  0.092652	
  0.957934	  0.000000	  0.003727	  0.038339	
  0.000000	  0.000000	  0.937167	  0.062833	
  0.000532	  0.011182	  0.035144	  0.953142	
  0.087859	  0.909478	  0.002662	  0.000000	
  0.993078	  0.000000	  0.000000	  0.006922	
  0.123003	  0.142173	  0.261981	  0.472843	
  0.387646	  0.189563	  0.092652	  0.330138	

MOTIF BCL6_f1 BCL6 

letter-probability matrix: alength= 4 w= 16 nsites= 33 E= 0
  0.363636	  0.181818	  0.212121	  0.242424	
  0.515152	  0.060606	  0.181818	  0.242424	
  0.393939	  0.090909	  0.303030	  0.212121	
  0.363636	  0.060606	  0.272727	  0.303030	
  0.242424	  0.060606	  0.484848	  0.212121	
  0.151515	  0.545455	  0.121212	  0.181818	
  0.272727	  0.090909	  0.060606	  0.575758	
  0.121212	  0.030303	  0.030303	  0.818182	
  0.090909	  0.030303	  0.030303	  0.848485	
  0.000000	  0.939394	  0.030303	  0.030303	
  0.121212	  0.272727	  0.121212	  0.484848	
  0.575758	  0.030303	  0.060606	  0.333333	
  0.212121	  0.121212	  0.666667	  0.000000	
  0.121212	  0.000000	  0.757576	  0.121212	
  0.696970	  0.030303	  0.212121	  0.060606	
  0.606061	  0.060606	  0.151515	  0.181818	

MOTIF BHE40_f2 BHE40 

letter-probability matrix: alength= 4 w= 9 nsites= 2037 E= 0
  0.109966	  0.005400	  0.589102	  0.295533	
  0.082965	  0.916053	  0.000491	  0.000491	
  0.979381	  0.020619	  0.000000	  0.000000	
  0.001964	  0.944035	  0.033382	  0.020619	
  0.050074	  0.001964	  0.945999	  0.001964	
  0.045164	  0.027000	  0.011782	  0.916053	
  0.000000	  0.000000	  1.000000	  0.000000	
  0.686303	  0.148748	  0.084929	  0.080020	
  0.074620	  0.511046	  0.302405	  0.111929	

MOTIF BHE41_f1 BHE41 

letter-probability matrix: alength= 4 w= 20 nsites= 10 E= 0
  0.400000	  0.100000	  0.200000	  0.300000	
  0.000000	  0.600000	  0.400000	  0.000000	
  0.300000	  0.300000	  0.300000	  0.100000	
  0.400000	  0.100000	  0.500000	  0.000000	
  0.100000	  0.100000	  0.400000	  0.400000	
  0.000000	  0.400000	  0.500000	  0.100000	
  0.000000	  0.500000	  0.000000	  0.500000	
  0.000000	  1.000000	  0.000000	  0.000000	
  0.700000	  0.000000	  0.200000	  0.100000	
  0.200000	  0.600000	  0.100000	  0.100000	
  0.000000	  0.100000	  0.800000	  0.100000	
  0.000000	  0.000000	  0.000000	  1.000000	
  0.000000	  0.000000	  1.000000	  0.000000	
  0.300000	  0.600000	  0.100000	  0.000000	
  0.400000	  0.200000	  0.100000	  0.300000	
  0.000000	  0.100000	  0.700000	  0.200000	
  0.500000	  0.200000	  0.300000	  0.000000	
  0.400000	  0.100000	  0.400000	  0.100000	
  0.300000	  0.100000	  0.600000	  0.000000	
  0.200000	  0.300000	  0.300000	  0.200000	

MOTIF BMAL1_f1 BMAL1 

letter-probability matrix: alength= 4 w= 14 nsites= 15 E= 0
  0.200000	  0.133333	  0.266667	  0.400000	
  0.066667	  0.000000	  0.866667	  0.066667	
  0.333333	  0.133333	  0.466667	  0.066667	
  0.600000	  0.000000	  0.133333	  0.266667	
  0.000000	  0.933333	  0.000000	  0.066667	
  1.000000	  0.000000	  0.000000	  0.000000	
  0.000000	  1.000000	  0.000000	  0.000000	
  0.000000	  0.000000	  1.000000	  0.000000	
  0.000000	  0.000000	  0.000000	  1.000000	
  0.000000	  0.000000	  1.000000	  0.000000	
  0.733333	  0.000000	  0.266667	  0.000000	
  0.066667	  0.800000	  0.066667	  0.066667	
  0.133333	  0.466667	  0.066667	  0.333333	
  0.066667	  0.666667	  0.266667	  0.000000	

MOTIF BPTF_si BPTF M6163_1.02;

letter-probability matrix: alength= 4 w= 12 nsites= 21 E= 0
  0.095238	  0.095238	  0.380952	  0.428571	
  0.047619	  0.000000	  0.380952	  0.571429	
  0.095238	  0.047619	  0.190476	  0.666667	
  0.142857	  0.238095	  0.333333	  0.285714	
  0.047619	  0.000000	  0.000000	  0.952381	
  0.000000	  0.000000	  0.047619	  0.952381	
  0.000000	  0.000000	  0.761905	  0.238095	
  0.047619	  0.142857	  0.000000	  0.809524	
  0.047619	  0.000000	  0.476190	  0.476190	
  0.047619	  0.095238	  0.333333	  0.523810	
  0.142857	  0.142857	  0.285714	  0.428571	
  0.190476	  0.428571	  0.285714	  0.095238	

MOTIF BRAC_si BRAC 

letter-probability matrix: alength= 4 w= 25 nsites= 26 E= 0
  0.461538	  0.115385	  0.346154	  0.076923	
  0.153846	  0.500000	  0.307692	  0.038462	
  0.807692	  0.038462	  0.038462	  0.115385	
  0.346154	  0.038462	  0.038462	  0.576923	
  0.576923	  0.000000	  0.000000	  0.423077	
  0.307692	  0.000000	  0.653846	  0.038462	
  0.000000	  0.000000	  0.000000	  1.000000	
  0.115385	  0.192308	  0.692308	  0.000000	
  1.000000	  0.000000	  0.000000	  0.000000	
  0.000000	  1.000000	  0.000000	  0.000000	
  1.000000	  0.000000	  0.000000	  0.000000	
  0.000000	  0.961538	  0.000000	  0.038462	
  0.000000	  0.923077	  0.038462	  0.038462	
  0.000000	  0.000000	  0.000000	  1.000000	
  1.000000	  0.000000	  0.000000	  0.000000	
  0.000000	  0.076923	  0.923077	  0.000000	
  0.000000	  0.038462	  0.961538	  0.000000	
  0.000000	  0.038462	  0.000000	  0.961538	
  0.000000	  0.000000	  1.000000	  0.000000	
  0.038462	  0.038462	  0.000000	  0.923077	
  0.000000	  0.269231	  0.653846	  0.076923	
  0.961538	  0.000000	  0.000000	  0.038462	
  0.846154	  0.076923	  0.038462	  0.038462	
  0.846154	  0.000000	  0.115385	  0.038462	
  0.269231	  0.115385	  0.115385	  0.500000	

MOTIF BRCA1_f1 BRCA1 

letter-probability matrix: alength= 4 w= 9 nsites= 73 E= 0
  0.150685	  0.191781	  0.287671	  0.369863	
  0.191781	  0.000000	  0.273973	  0.534247	
  0.041096	  0.123288	  0.150685	  0.684932	
  0.054795	  0.342466	  0.479452	  0.123288	
  0.027397	  0.150685	  0.452055	  0.369863	
  0.013699	  0.000000	  0.863014	  0.123288	
  0.000000	  0.027397	  0.000000	  0.972603	
  0.000000	  0.000000	  0.000000	  1.000000	
  0.068493	  0.068493	  0.821918	  0.041096	

MOTIF CDC5L_si CDC5L 

letter-probability matrix: alength= 4 w= 15 nsites= 10 E= 0
  0.200000	  0.200000	  0.500000	  0.100000	
  0.000000	  0.200000	  0.400000	  0.400000	
  0.200000	  0.000000	  0.800000	  0.000000	
  0.500000	  0.100000	  0.100000	  0.300000	
  0.000000	  0.100000	  0.300000	  0.600000	
  0.200000	  0.000000	  0.200000	  0.600000	
  0.100000	  0.000000	  0.000000	  0.900000	
  0.900000	  0.000000	  0.100000	  0.000000	
  0.800000	  0.000000	  0.000000	  0.200000	
  0.100000	  0.600000	  0.000000	  0.300000	
  0.600000	  0.000000	  0.300000	  0.100000	
  0.200000	  0.100000	  0.000000	  0.700000	
  0.800000	  0.100000	  0.100000	  0.000000	
  0.600000	  0.000000	  0.100000	  0.300000	
  0.100000	  0.300000	  0.200000	  0.400000	

MOTIF CDX1_f1 CDX1 

letter-probability matrix: alength= 4 w= 8 nsites= 30 E= 0
  0.466667	  0.233333	  0.066667	  0.233333	
  0.033333	  0.000000	  0.100000	  0.866667	
  0.033333	  0.000000	  0.033333	  0.933333	
  0.066667	  0.066667	  0.133333	  0.733333	
  0.800000	  0.000000	  0.166667	  0.033333	
  0.233333	  0.100000	  0.033333	  0.633333	
  0.200000	  0.000000	  0.800000	  0.000000	
  0.200000	  0.100000	  0.333333	  0.366667	

MOTIF CDX2_f1 CDX2 

letter-probability matrix: alength= 4 w= 8 nsites= 36 E= 0
  0.472222	  0.027778	  0.083333	  0.416667	
  0.055556	  0.000000	  0.000000	  0.944444	
  0.000000	  0.000000	  0.027778	  0.972222	
  0.083333	  0.000000	  0.000000	  0.916667	
  0.972222	  0.000000	  0.027778	  0.000000	
  0.000000	  0.305556	  0.055556	  0.638889	
  0.361111	  0.027778	  0.416667	  0.194444	
  0.305556	  0.055556	  0.416667	  0.222222	

MOTIF CEBPA_do CEBPA 

letter-probability matrix: alength= 4 w= 10 nsites= 330 E= 0
  0.354545	  0.242424	  0.281818	  0.121212	
  0.072727	  0.078788	  0.078788	  0.769697	
  0.072727	  0.027273	  0.293939	  0.606061	
  0.312121	  0.060606	  0.387879	  0.239394	
  0.206061	  0.100000	  0.239394	  0.454545	
  0.003030	  0.066667	  0.921212	  0.009091	
  0.230303	  0.587879	  0.006061	  0.175758	
  0.963636	  0.027273	  0.000000	  0.009091	
  0.975758	  0.006061	  0.012121	  0.006061	
  0.096970	  0.196970	  0.163636	  0.542424	

MOTIF CEBPB_f1 CEBPB 

letter-probability matrix: alength= 4 w= 10 nsites= 1316 E= 0
  0.383739	  0.158055	  0.420213	  0.037994	
  0.007599	  0.008359	  0.001520	  0.982523	
  0.009119	  0.002280	  0.368541	  0.620061	
  0.317629	  0.015198	  0.463526	  0.203647	
  0.139058	  0.230243	  0.142097	  0.488602	
  0.004559	  0.009119	  0.983283	  0.003040	
  0.120821	  0.792553	  0.009878	  0.076748	
  0.984043	  0.012158	  0.000760	  0.003040	
  0.992401	  0.003799	  0.003799	  0.000000	
  0.055471	  0.271277	  0.164134	  0.509119	

MOTIF CEBPD_f1 CEBPD 

letter-probability matrix: alength= 4 w= 11 nsites= 77 E= 0
  0.389610	  0.142857	  0.324675	  0.142857	
  0.441558	  0.168831	  0.324675	  0.064935	
  0.000000	  0.000000	  0.051948	  0.948052	
  0.038961	  0.012987	  0.324675	  0.623377	
  0.363636	  0.038961	  0.389610	  0.207792	
  0.129870	  0.311688	  0.220779	  0.337662	
  0.051948	  0.077922	  0.857143	  0.012987	
  0.246753	  0.597403	  0.012987	  0.142857	
  0.987013	  0.000000	  0.012987	  0.000000	
  0.961039	  0.000000	  0.038961	  0.000000	
  0.142857	  0.077922	  0.194805	  0.584416	

MOTIF CEBPE_f1 CEBPE 

letter-probability matrix: alength= 4 w= 12 nsites= 812 E= 0
  0.112069	  0.107143	  0.201970	  0.578818	
  0.000000	  0.000000	  0.099754	  0.900246	
  0.227833	  0.000000	  0.465517	  0.306650	
  0.048030	  0.570197	  0.217980	  0.163793	
  0.086207	  0.000000	  0.913793	  0.000000	
  0.320197	  0.445813	  0.001232	  0.232759	
  0.847291	  0.151478	  0.001232	  0.000000	
  1.000000	  0.000000	  0.000000	  0.000000	
  0.000000	  0.150246	  0.011084	  0.838670	
  0.264778	  0.485222	  0.040640	  0.209360	
  0.213054	  0.070197	  0.181034	  0.535714	
  0.113300	  0.311576	  0.205665	  0.369458	

MOTIF CEBPG_si CEBPG 

letter-probability matrix: alength= 4 w= 13 nsites= 22 E= 0
  0.590909	  0.181818	  0.136364	  0.090909	
  0.000000	  0.000000	  0.000000	  1.000000	
  0.000000	  0.045455	  0.272727	  0.681818	
  0.181818	  0.000000	  0.409091	  0.409091	
  0.136364	  0.181818	  0.227273	  0.454545	
  0.000000	  0.181818	  0.818182	  0.000000	
  0.136364	  0.636364	  0.000000	  0.227273	
  1.000000	  0.000000	  0.000000	  0.000000	
  1.000000	  0.000000	  0.000000	  0.000000	
  0.000000	  0.181818	  0.045455	  0.772727	
  0.136364	  0.500000	  0.227273	  0.136364	
  0.090909	  0.090909	  0.227273	  0.590909	
  0.090909	  0.227273	  0.363636	  0.318182	

MOTIF CEBPZ_si CEBPZ 

letter-probability matrix: alength= 4 w= 11 nsites= 26 E= 0
  0.307692	  0.038462	  0.346154	  0.307692	
  0.000000	  0.692308	  0.230769	  0.076923	
  0.038462	  0.230769	  0.000000	  0.730769	
  0.000000	  0.346154	  0.576923	  0.076923	
  1.000000	  0.000000	  0.000000	  0.000000	
  0.000000	  0.000000	  0.000000	  1.000000	
  0.000000	  0.000000	  0.000000	  1.000000	
  0.000000	  0.000000	  1.000000	  0.000000	
  0.000000	  0.000000	  1.000000	  0.000000	
  0.038462	  0.769231	  0.000000	  0.192308	
  0.038462	  0.115385	  0.038462	  0.807692	

MOTIF COE1_f2 COE1 

letter-probability matrix: alength= 4 w= 12 nsites= 1805 E= 0
  0.101385	  0.300831	  0.319114	  0.278670	
  0.039889	  0.206648	  0.071468	  0.681994	
  0.001108	  0.996676	  0.001662	  0.000554	
  0.004432	  0.890859	  0.007202	  0.097507	
  0.001108	  0.955679	  0.001108	  0.042105	
  0.211080	  0.002770	  0.048753	  0.737396	
  0.072022	  0.008864	  0.691413	  0.227701	
  0.059280	  0.019945	  0.919668	  0.001108	
  0.239889	  0.000000	  0.733518	  0.026593	
  0.000554	  0.000000	  0.999446	  0.000000	
  0.535180	  0.080886	  0.244321	  0.139612	
  0.233795	  0.408310	  0.258726	  0.099169	

MOTIF COT1_f1 COT1 

letter-probability matrix: alength= 4 w= 12 nsites= 82 E= 0
  0.085366	  0.121951	  0.707317	  0.085366	
  0.097561	  0.073171	  0.487805	  0.341463	
  0.109756	  0.231707	  0.243902	  0.414634	
  0.097561	  0.695122	  0.073171	  0.134146	
  0.756098	  0.073171	  0.048780	  0.121951	
  0.609756	  0.048780	  0.256098	  0.085366	
  0.719512	  0.000000	  0.268293	  0.012195	
  0.012195	  0.000000	  0.987805	  0.000000	
  0.024390	  0.048780	  0.646341	  0.280488	
  0.036585	  0.073171	  0.036585	  0.853659	
  0.012195	  0.865854	  0.060976	  0.060976	
  0.817073	  0.097561	  0.048780	  0.036585	

MOTIF COT1_si COT1 

letter-probability matrix: alength= 4 w= 9 nsites= 83 E= 0
  0.096386	  0.638554	  0.084337	  0.180723	
  0.686747	  0.108434	  0.096386	  0.108434	
  0.650602	  0.048193	  0.216867	  0.084337	
  0.807229	  0.000000	  0.192771	  0.000000	
  0.012048	  0.000000	  0.987952	  0.000000	
  0.000000	  0.000000	  0.759036	  0.240964	
  0.012048	  0.084337	  0.024096	  0.879518	
  0.012048	  0.903614	  0.012048	  0.072289	
  0.843373	  0.084337	  0.048193	  0.024096	

MOTIF COT2_f1 COT2 

letter-probability matrix: alength= 4 w= 10 nsites= 77 E= 0
  0.155844	  0.636364	  0.090909	  0.116883	
  0.610390	  0.116883	  0.116883	  0.155844	
  0.597403	  0.077922	  0.285714	  0.038961	
  0.766234	  0.000000	  0.207792	  0.025974	
  0.000000	  0.000000	  1.000000	  0.000000	
  0.012987	  0.000000	  0.831169	  0.155844	
  0.012987	  0.000000	  0.012987	  0.974026	
  0.012987	  0.922078	  0.025974	  0.038961	
  0.909091	  0.051948	  0.038961	  0.000000	
  0.480519	  0.103896	  0.285714	  0.129870	

MOTIF COT2_f2 COT2 

letter-probability matrix: alength= 4 w= 15 nsites= 79 E= 0
  0.405063	  0.215190	  0.291139	  0.088608	
  0.556962	  0.012658	  0.265823	  0.164557	
  0.088608	  0.025316	  0.797468	  0.088608	
  0.063291	  0.012658	  0.708861	  0.215190	
  0.101266	  0.126582	  0.202532	  0.569620	
  0.000000	  0.911392	  0.063291	  0.025316	
  0.911392	  0.050633	  0.000000	  0.037975	
  0.544304	  0.088608	  0.265823	  0.101266	
  0.544304	  0.037975	  0.278481	  0.139241	
  0.177215	  0.012658	  0.746835	  0.063291	
  0.151899	  0.063291	  0.658228	  0.126582	
  0.088608	  0.113924	  0.215190	  0.582278	
  0.063291	  0.620253	  0.113924	  0.202532	
  0.569620	  0.139241	  0.202532	  0.088608	
  0.417722	  0.240506	  0.189873	  0.151899	

MOTIF CREB1_f1 CREB1 

letter-probability matrix: alength= 4 w= 9 nsites= 286 E= 0
  0.241259	  0.199301	  0.465035	  0.094406	
  0.000000	  0.003497	  0.003497	  0.993007	
  0.003497	  0.000000	  0.982517	  0.013986	
  0.989510	  0.003497	  0.006993	  0.000000	
  0.000000	  0.881119	  0.066434	  0.052448	
  0.017483	  0.006993	  0.961538	  0.013986	
  0.048951	  0.258741	  0.020979	  0.671329	
  0.276224	  0.520979	  0.139860	  0.062937	
  0.576923	  0.125874	  0.153846	  0.143357	

MOTIF CREM_f1 CREM 

letter-probability matrix: alength= 4 w= 11 nsites= 30 E= 0
  0.033333	  0.033333	  0.100000	  0.833333	
  0.033333	  0.233333	  0.700000	  0.033333	
  0.866667	  0.000000	  0.033333	  0.100000	
  0.000000	  0.766667	  0.000000	  0.233333	
  0.000000	  0.066667	  0.900000	  0.033333	
  0.000000	  0.000000	  0.033333	  0.966667	
  0.000000	  0.966667	  0.000000	  0.033333	
  1.000000	  0.000000	  0.000000	  0.000000	
  0.066667	  0.266667	  0.400000	  0.266667	
  0.000000	  0.333333	  0.200000	  0.466667	
  0.133333	  0.266667	  0.566667	  0.033333	

MOTIF CRX_si CRX 

letter-probability matrix: alength= 4 w= 8 nsites= 52 E= 0
  0.250000	  0.250000	  0.403846	  0.096154	
  0.269231	  0.019231	  0.480769	  0.230769	
  0.115385	  0.019231	  0.846154	  0.019231	
  0.750000	  0.211538	  0.000000	  0.038462	
  0.038462	  0.000000	  0.000000	  0.961538	
  0.038462	  0.019231	  0.000000	  0.942308	
  0.961538	  0.019231	  0.019231	  0.000000	
  0.384615	  0.057692	  0.442308	  0.115385	

MOTIF CTCF_f2 CTCF 

letter-probability matrix: alength= 4 w= 19 nsites= 2861 E= 0
  0.098217	  0.311080	  0.146802	  0.443901	
  0.162531	  0.162181	  0.443202	  0.232087	
  0.240475	  0.080741	  0.534429	  0.144355	
  0.059769	  0.850751	  0.040196	  0.049283	
  0.008389	  0.960503	  0.012233	  0.018875	
  0.672143	  0.032506	  0.188046	  0.107305	
  0.040545	  0.586159	  0.358266	  0.015030	
  0.124082	  0.455435	  0.134568	  0.285914	
  0.834324	  0.061866	  0.049983	  0.053827	
  0.002796	  0.003845	  0.979378	  0.013981	
  0.337994	  0.005592	  0.652220	  0.004194	
  0.055225	  0.037749	  0.567983	  0.339042	
  0.013632	  0.000350	  0.974135	  0.011884	
  0.041244	  0.022020	  0.877665	  0.059070	
  0.103460	  0.823838	  0.014331	  0.058371	
  0.450891	  0.014680	  0.515554	  0.018875	
  0.062216	  0.505418	  0.394967	  0.037400	
  0.139462	  0.350227	  0.109053	  0.401258	
  0.395666	  0.242223	  0.310731	  0.051381	

MOTIF CUX1_f1 CUX1 

letter-probability matrix: alength= 4 w= 14 nsites= 97 E= 0
  0.463918	  0.144330	  0.319588	  0.072165	
  0.123711	  0.206186	  0.371134	  0.298969	
  0.309278	  0.144330	  0.515464	  0.030928	
  0.195876	  0.247423	  0.453608	  0.103093	
  0.154639	  0.288660	  0.319588	  0.237113	
  0.268041	  0.072165	  0.350515	  0.309278	
  0.948454	  0.010309	  0.030928	  0.010309	
  0.010309	  0.020619	  0.000000	  0.969072	
  0.000000	  0.680412	  0.041237	  0.278351	
  0.134021	  0.041237	  0.762887	  0.061856	
  0.690722	  0.000000	  0.268041	  0.041237	
  0.010309	  0.020619	  0.000000	  0.969072	
  0.072165	  0.257732	  0.505155	  0.164948	
  0.123711	  0.185567	  0.391753	  0.298969	

MOTIF CXXC1_si CXXC1 

letter-probability matrix: alength= 4 w= 7 nsites= 58 E= 0
  0.086207	  0.741379	  0.017241	  0.155172	
  0.000000	  0.000000	  0.948276	  0.051724	
  0.068966	  0.103448	  0.293103	  0.534483	
  0.000000	  0.000000	  0.155172	  0.844828	
  0.086207	  0.017241	  0.620690	  0.275862	
  0.051724	  0.017241	  0.482759	  0.448276	
  0.155172	  0.534483	  0.034483	  0.275862	

MOTIF DBP_si DBP 

letter-probability matrix: alength= 4 w= 11 nsites= 25 E= 0
  0.320000	  0.240000	  0.400000	  0.040000	
  0.080000	  0.000000	  0.040000	  0.880000	
  0.080000	  0.080000	  0.080000	  0.760000	
  0.640000	  0.080000	  0.160000	  0.120000	
  0.040000	  0.120000	  0.080000	  0.760000	
  0.080000	  0.040000	  0.840000	  0.040000	
  0.000000	  0.440000	  0.000000	  0.560000	
  0.920000	  0.040000	  0.000000	  0.040000	
  0.960000	  0.000000	  0.000000	  0.040000	
  0.120000	  0.320000	  0.240000	  0.320000	
  0.400000	  0.240000	  0.200000	  0.160000	

MOTIF DDIT3_f1 DDIT3 

letter-probability matrix: alength= 4 w= 13 nsites= 41 E= 0
  0.219512	  0.097561	  0.658537	  0.024390	
  0.219512	  0.170732	  0.609756	  0.000000	
  0.195122	  0.170732	  0.560976	  0.073171	
  0.048780	  0.073171	  0.609756	  0.268293	
  0.829268	  0.000000	  0.121951	  0.048780	
  0.000000	  0.024390	  0.024390	  0.951220	
  0.000000	  0.000000	  0.000000	  1.000000	
  0.024390	  0.000000	  0.902439	  0.073171	
  0.000000	  0.878049	  0.121951	  0.000000	
  0.902439	  0.000000	  0.097561	  0.000000	
  0.146341	  0.268293	  0.195122	  0.390244	
  0.121951	  0.243902	  0.219512	  0.414634	
  0.121951	  0.317073	  0.268293	  0.292683	

MOTIF DLX2_f1 DLX2 

letter-probability matrix: alength= 4 w= 8 nsites= 5 E= 0
  0.800000	  0.000000	  0.000000	  0.200000	
  0.000000	  0.000000	  0.000000	  1.000000	
  1.000000	  0.000000	  0.000000	  0.000000	
  0.800000	  0.000000	  0.200000	  0.000000	
  0.000000	  0.000000	  0.000000	  1.000000	
  0.000000	  0.000000	  0.000000	  1.000000	
  0.600000	  0.000000	  0.400000	  0.000000	
  0.200000	  0.200000	  0.200000	  0.400000	

MOTIF DLX3_do DLX3 

letter-probability matrix: alength= 4 w= 10 nsites= 34 E= 0
  0.176471	  0.117647	  0.647059	  0.058824	
  0.411765	  0.411765	  0.176471	  0.000000	
  0.000000	  0.029412	  0.000000	  0.970588	
  0.970588	  0.000000	  0.029412	  0.000000	
  1.000000	  0.000000	  0.000000	  0.000000	
  0.000000	  0.000000	  0.000000	  1.000000	
  0.000000	  0.000000	  0.058824	  0.941176	
  0.529412	  0.029412	  0.352941	  0.088235	
  0.147059	  0.529412	  0.264706	  0.058824	
  0.441176	  0.147059	  0.117647	  0.294118	

MOTIF E2F1_f2 E2F1 

letter-probability matrix: alength= 4 w= 14 nsites= 2135 E= 0
  0.378454	  0.160656	  0.236066	  0.224824	
  0.342857	  0.098829	  0.328806	  0.229508	
  0.304450	  0.163934	  0.211710	  0.319906	
  0.248244	  0.073068	  0.257143	  0.421546	
  0.093208	  0.067447	  0.829040	  0.010304	
  0.009368	  0.053396	  0.930211	  0.007026	
  0.068384	  0.903044	  0.015457	  0.013115	
  0.051522	  0.009368	  0.888993	  0.050117	
  0.048244	  0.370023	  0.566745	  0.014988	
  0.069789	  0.141920	  0.773770	  0.014520	
  0.780328	  0.070258	  0.135363	  0.014052	
  0.712412	  0.038876	  0.215457	  0.033255	
  0.601874	  0.085714	  0.262763	  0.049649	
  0.318033	  0.222014	  0.316628	  0.143326	

MOTIF E2F2_f1 E2F2 

letter-probability matrix: alength= 4 w= 10 nsites= 8 E= 0
  0.125000	  0.125000	  0.625000	  0.125000	
  0.000000	  0.000000	  1.000000	  0.000000	
  0.000000	  0.750000	  0.250000	  0.000000	
  0.000000	  0.000000	  1.000000	  0.000000	
  0.000000	  0.750000	  0.125000	  0.125000	
  0.000000	  0.000000	  1.000000	  0.000000	
  0.625000	  0.250000	  0.125000	  0.000000	
  0.875000	  0.125000	  0.000000	  0.000000	
  0.625000	  0.000000	  0.125000	  0.250000	
  0.125000	  0.750000	  0.000000	  0.125000	

MOTIF E2F3_si E2F3 

letter-probability matrix: alength= 4 w= 10 nsites= 12 E= 0
  0.083333	  0.583333	  0.333333	  0.000000	
  0.000000	  0.500000	  0.500000	  0.000000	
  0.000000	  1.000000	  0.000000	  0.000000	
  0.000000	  0.000000	  0.916667	  0.083333	
  0.000000	  1.000000	  0.000000	  0.000000	
  0.000000	  0.333333	  0.666667	  0.000000	
  0.666667	  0.166667	  0.166667	  0.000000	
  0.750000	  0.250000	  0.000000	  0.000000	
  0.750000	  0.000000	  0.166667	  0.083333	
  0.166667	  0.583333	  0.083333	  0.166667	

MOTIF E2F4_do E2F4 

letter-probability matrix: alength= 4 w= 14 nsites= 2075 E= 0
  0.334458	  0.182651	  0.211084	  0.271807	
  0.311807	  0.140723	  0.242892	  0.304578	
  0.286747	  0.094458	  0.208193	  0.410602	
  0.171084	  0.070361	  0.289157	  0.469398	
  0.050602	  0.187952	  0.752289	  0.009157	
  0.038072	  0.013976	  0.933976	  0.013976	
  0.040000	  0.926747	  0.004819	  0.028434	
  0.013494	  0.010602	  0.912289	  0.063614	
  0.007711	  0.338795	  0.648675	  0.004819	
  0.023614	  0.077590	  0.886265	  0.012530	
  0.915663	  0.025060	  0.044337	  0.014940	
  0.836145	  0.010602	  0.142169	  0.011084	
  0.633735	  0.067952	  0.181687	  0.116627	
  0.310361	  0.196627	  0.261687	  0.231325	

MOTIF E2F5_do E2F5 

letter-probability matrix: alength= 4 w= 10 nsites= 12 E= 0
  0.166667	  0.333333	  0.333333	  0.166667	
  0.000000	  0.083333	  0.916667	  0.000000	
  0.000000	  1.000000	  0.000000	  0.000000	
  0.000000	  0.000000	  1.000000	  0.000000	
  0.000000	  0.833333	  0.166667	  0.000000	
  0.000000	  0.500000	  0.500000	  0.000000	
  1.000000	  0.000000	  0.000000	  0.000000	
  1.000000	  0.000000	  0.000000	  0.000000	
  1.000000	  0.000000	  0.000000	  0.000000	
  0.250000	  0.416667	  0.166667	  0.166667	

MOTIF E2F6_f1 E2F6 

letter-probability matrix: alength= 4 w= 12 nsites= 1864 E= 0
  0.221030	  0.168455	  0.296674	  0.313841	
  0.201717	  0.064378	  0.460300	  0.273605	
  0.147532	  0.118026	  0.719421	  0.015021	
  0.025215	  0.028433	  0.939914	  0.006438	
  0.115880	  0.857833	  0.002146	  0.024142	
  0.057940	  0.028970	  0.888948	  0.024142	
  0.008584	  0.064914	  0.918455	  0.008047	
  0.010193	  0.010193	  0.969421	  0.010193	
  0.807940	  0.003219	  0.186695	  0.002146	
  0.582618	  0.052039	  0.358906	  0.006438	
  0.259657	  0.170601	  0.519313	  0.050429	
  0.186159	  0.222639	  0.483369	  0.107833	

MOTIF E2F7_f1 E2F7 

letter-probability matrix: alength= 4 w= 13 nsites= 5 E= 0
  0.400000	  0.000000	  0.200000	  0.400000	
  0.600000	  0.000000	  0.000000	  0.400000	
  0.400000	  0.000000	  0.400000	  0.200000	
  0.200000	  0.000000	  0.800000	  0.000000	
  0.000000	  0.000000	  1.000000	  0.000000	
  0.000000	  1.000000	  0.000000	  0.000000	
  0.000000	  0.000000	  1.000000	  0.000000	
  0.000000	  0.800000	  0.200000	  0.000000	
  0.000000	  0.000000	  1.000000	  0.000000	
  1.000000	  0.000000	  0.000000	  0.000000	
  1.000000	  0.000000	  0.000000	  0.000000	
  1.000000	  0.000000	  0.000000	  0.000000	
  0.200000	  0.400000	  0.200000	  0.200000	

MOTIF E4F1_f1 E4F1 

letter-probability matrix: alength= 4 w= 9 nsites= 9 E= 0
  0.222222	  0.333333	  0.222222	  0.222222	
  0.111111	  0.000000	  0.777778	  0.111111	
  0.000000	  0.000000	  0.000000	  1.000000	
  0.000000	  0.000000	  0.555556	  0.444444	
  1.000000	  0.000000	  0.000000	  0.000000	
  0.000000	  1.000000	  0.000000	  0.000000	
  0.000000	  0.000000	  1.000000	  0.000000	
  0.111111	  0.000000	  0.000000	  0.888889	
  0.222222	  0.555556	  0.111111	  0.111111	

MOTIF EGR1_f2 EGR1 

letter-probability matrix: alength= 4 w= 11 nsites= 1887 E= 0
  0.151563	  0.188659	  0.318495	  0.341282	
  0.043985	  0.060413	  0.882883	  0.012719	
  0.059883	  0.828299	  0.018548	  0.093270	
  0.003710	  0.001060	  0.993641	  0.001590	
  0.009539	  0.013249	  0.490726	  0.486486	
  0.075782	  0.019078	  0.901961	  0.003180	
  0.025437	  0.065713	  0.900901	  0.007949	
  0.012189	  0.010069	  0.977742	  0.000000	
  0.089030	  0.748278	  0.007419	  0.155273	
  0.021728	  0.007419	  0.955485	  0.015368	
  0.090620	  0.065183	  0.609433	  0.234764	

MOTIF EGR2_si EGR2 

letter-probability matrix: alength= 4 w= 11 nsites= 21 E= 0
  0.238095	  0.142857	  0.380952	  0.238095	
  0.047619	  0.000000	  0.952381	  0.000000	
  0.238095	  0.428571	  0.190476	  0.142857	
  0.000000	  0.000000	  1.000000	  0.000000	
  0.047619	  0.047619	  0.285714	  0.619048	
  0.000000	  0.000000	  1.000000	  0.000000	
  0.000000	  0.000000	  1.000000	  0.000000	
  0.000000	  0.000000	  1.000000	  0.000000	
  0.047619	  0.714286	  0.000000	  0.238095	
  0.000000	  0.000000	  0.857143	  0.142857	
  0.142857	  0.047619	  0.619048	  0.190476	

MOTIF EGR3_f1 EGR3 

letter-probability matrix: alength= 4 w= 11 nsites= 8 E= 0
  0.625000	  0.000000	  0.000000	  0.375000	
  0.250000	  0.000000	  0.625000	  0.125000	
  0.625000	  0.250000	  0.000000	  0.125000	
  0.125000	  0.000000	  0.875000	  0.000000	
  0.125000	  0.000000	  0.125000	  0.750000	
  0.000000	  0.000000	  1.000000	  0.000000	
  0.000000	  0.000000	  0.875000	  0.125000	
  0.000000	  0.000000	  1.000000	  0.000000	
  0.000000	  0.500000	  0.000000	  0.500000	
  0.000000	  0.000000	  0.875000	  0.125000	
  0.125000	  0.125000	  0.125000	  0.625000	

MOTIF EGR4_f1 EGR4 

letter-probability matrix: alength= 4 w= 11 nsites= 6 E= 0
  0.000000	  0.000000	  1.000000	  0.000000	
  0.000000	  0.000000	  1.000000	  0.000000	
  0.000000	  0.500000	  0.333333	  0.166667	
  0.000000	  0.000000	  1.000000	  0.000000	
  0.000000	  0.000000	  1.000000	  0.000000	
  0.000000	  0.500000	  0.166667	  0.333333	
  0.500000	  0.000000	  0.500000	  0.000000	
  0.000000	  0.000000	  0.833333	  0.166667	
  0.000000	  0.166667	  0.833333	  0.000000	
  0.000000	  0.000000	  1.000000	  0.000000	
  0.333333	  0.333333	  0.166667	  0.166667	

MOTIF EHF_si EHF 

letter-probability matrix: alength= 4 w= 13 nsites= 400 E= 0
  0.400000	  0.272500	  0.160000	  0.167500	
  0.532500	  0.092500	  0.042500	  0.332500	
  0.770000	  0.000000	  0.212500	  0.017500	
  0.177500	  0.580000	  0.232500	  0.010000	
  0.275000	  0.725000	  0.000000	  0.000000	
  0.422500	  0.577500	  0.000000	  0.000000	
  0.000000	  0.000000	  1.000000	  0.000000	
  0.000000	  0.000000	  0.940000	  0.060000	
  1.000000	  0.000000	  0.000000	  0.000000	
  1.000000	  0.000000	  0.000000	  0.000000	
  0.327500	  0.007500	  0.652500	  0.012500	
  0.007500	  0.017500	  0.152500	  0.822500	
  0.587500	  0.057500	  0.265000	  0.090000	

MOTIF ELF1_f1 ELF1 

letter-probability matrix: alength= 4 w= 10 nsites= 76 E= 0
